File size 84

76293
67142
55254
48129
68736
52751
38285
57332
14606
93609

65405
21763
63257
44431
81709
85281
42795
77383
71309
26652

61535
60170
61531
21605
97849
50786
82637
63431
74059
94399

45379
85930
83926
83119
20827
94475
52333
49387
25722
93825

11662
44543
98542
35327
72966
43860
73262
73677
94440
80995

75841
20483
67393
28493
59153
76535
91603
81755
99220
54646

83000
66389
72865
48595
52407
25160
20555
10678
62583
67492

78793
22122
77295
30288
91352
11016
79655
96090
49547
93175

50549
94527
96915
45543

