File Size 127

89128
86858
72572
97876
87286
54889
43483
35712
86801
88291

68935
38552
38571
66443
23632
88548
41649
58818
33915
48003

56113
70936
83305
27896
35223
80301
91540
87688
68753
44818

16726
47803
94786
78762
97361
21311
59228
51232
22544
93397

47709
44878
69771
83843
33764
81179
35561
56474
55115
12921

24257
38866
38311
94055
91847
17310
55690
50198
95214
54836

33910
66987
13582
16144
93182
54728
47428
64720
23742
44090

84657
22780
38788
88180
40173
29406
27256
59551
21418
80228

97501
56535
55591
29973
15630
90337
22692
40130
47232
96680

25628
96220
49812
34785
67186
67405
73754
35550
40413
76043

13757
14555
81766
50172
26776
11651
69924
78835
99459
16288

97635
75871
69787
88597
16647
61902
86666
33332
90763
89418

67258
98009
41184
12679
39261
28535
13725



