File Size 108

10408
10481
10663
10809
12151
13905
14171
14241
17699
18772

19849
20561
20998
21077
21248
21564
21786
21958
22552
23628

23850
25581
26095
26124
28060
28184
28443
29781
30843
31329

31769
32592
32739
33352
35650
36231
36291
36906
37847
41627

43429
43729
43913
43962
46991
47364
47488
47601
48295
48601

49093
49419
49900
53190
53672
55942
58802
59617
60677
60853

61321
62354
62475
62537
62739
63072
63160
64714
64749
65121

66374
66451
67335
68738
70683
71710
72868
73004
73515
73894

74077
74321
74510
74592
75720
81858
82931
83270
84282
85637

86647
86678
89349
90117
91749
92860
93885
94720
95386
95431

95467
95823
96094
96573
97276
97711
98840
99713
