Runtime for linear with division modulo-120 and bucket size 1: 0.0970364ms
=========================
Hash table size: 120
Bucket Size: 1
Number of collisions: 52
Number of Primary collisions: 30
Number of Secondary collisions: 22
Number of comparisons: 136
Number of keys not inserted: 0
Load factor: 0.70

Resulting hash table:
[94440]  [75841]  [     ]  [     ]  [     ]
[38285]  [65405]  [21605]  [72966]  [48129]
[93609]  [85930]  [26652]  [52333]  [     ]
[77295]  [     ]  [63257]  [     ]  [74059]
[45379]  [     ]  [11662]  [44543]  [98542]
[72865]  [50786]  [     ]  [     ]  [71309]
[66389]  [44431]  [91352]  [50549]  [     ]
[94475]  [81755]  [20555]  [     ]  [     ]
[     ]  [     ]  [25722]  [21763]  [91603]
[22122]  [83926]  [35327]  [54646]  [97849]
[60170]  [30288]  [67492]  [28493]  [55254]
[93175]  [     ]  [     ]  [     ]  [     ]
[43860]  [     ]  [67142]  [73262]  [62583]
[45543]  [     ]  [20827]  [49387]  [     ]
[     ]  [52751]  [63431]  [67393]  [78793]
[42795]  [96915]  [82637]  [     ]  [94399]
[83119]  [85281]  [83000]  [20483]  [25160]
[     ]  [14606]  [52407]  [94527]  [     ]
[96090]  [61531]  [57332]  [76293]  [     ]
[61535]  [68736]  [76535]  [11016]  [79655]
[99220]  [     ]  [     ]  [77383]  [     ]
[93825]  [     ]  [49547]  [     ]  [81709]
[     ]  [     ]  [     ]  [59153]  [     ]
[80995]  [48595]  [73677]  [10678]  [     ]

Runtime for quadratic with division modulo-120 and bucket size 1: 0.0908375ms
=========================
Hash table size: 120
Bucket Size: 1
Number of collisions: 53
Number of Primary collisions: 30
Number of Secondary collisions: 23
Number of comparisons: 137
Number of keys not inserted: 0
Load factor: 0.70

Resulting hash table:
[94440]  [75841]  [     ]  [     ]  [     ]
[38285]  [65405]  [72966]  [     ]  [48129]
[93609]  [85930]  [26652]  [52333]  [21605]
[77295]  [     ]  [63257]  [     ]  [74059]
[45379]  [     ]  [11662]  [44543]  [     ]
[72865]  [50786]  [     ]  [     ]  [71309]
[66389]  [44431]  [91352]  [50549]  [     ]
[94475]  [81755]  [     ]  [98542]  [20555]
[     ]  [     ]  [25722]  [21763]  [91603]
[     ]  [83926]  [35327]  [30288]  [97849]
[60170]  [22122]  [67492]  [28493]  [55254]
[54646]  [93175]  [     ]  [     ]  [     ]
[43860]  [     ]  [67142]  [73262]  [62583]
[     ]  [     ]  [20827]  [49387]  [     ]
[     ]  [52751]  [63431]  [67393]  [78793]
[42795]  [96915]  [82637]  [     ]  [94399]
[83119]  [85281]  [     ]  [20483]  [83000]
[     ]  [14606]  [52407]  [94527]  [25160]
[96090]  [61531]  [57332]  [76293]  [     ]
[61535]  [68736]  [11016]  [     ]  [76535]
[99220]  [     ]  [     ]  [77383]  [79655]
[93825]  [     ]  [49547]  [     ]  [81709]
[     ]  [     ]  [45543]  [59153]  [     ]
[80995]  [48595]  [73677]  [10678]  [     ]

Runtime for chaining with division modulo-120 and bucket size 1: 0.1060963ms
=========================
Hash table size: 120
Bucket Size: 1
Number of collisions: 38
Number of Primary collisions: 31
Number of Secondary collisions: 7
Number of comparisons: 91
Number of keys not inserted: 0
Load factor: 1.12

Resulting hash table:
[94440]  [75841]  [     ]  [     ]  [     ]
[38285, 118]  [72966]  [     ]  [     ]  [48129, 119]
[85930]  [     ]  [26652]  [52333]  [     ]
[77295]  [     ]  [63257]  [     ]  [74059, 115]
[     ]  [     ]  [11662, 112]  [44543]  [     ]
[72865]  [50786]  [     ]  [     ]  [71309, 99]
[     ]  [44431]  [91352]  [     ]  [     ]
[94475, 102]  [     ]  [     ]  [     ]  [     ]
[     ]  [     ]  [25722, 88]  [21763, 104]  [     ]
[     ]  [83926, 101]  [35327]  [30288]  [97849]
[60170]  [     ]  [67492]  [28493]  [55254]
[93175]  [     ]  [     ]  [     ]  [     ]
[43860]  [     ]  [67142, 111]  [62583, 70]  [     ]
[     ]  [     ]  [20827, 113]  [     ]  [     ]
[45543]  [52751, 116]  [96915]  [67393, 89]  [94527]
[42795, 72]  [50549]  [82637]  [49547]  [94399, 114]
[83000, 97]  [85281]  [96090]  [20483]  [79655]
[11016]  [14606]  [52407, 74]  [22122]  [78793]
[10678, 82]  [61531]  [57332]  [76293]  [20555]
[61535, 106]  [68736, 85]  [25160]  [48595]  [66389, 76]
[99220]  [54646]  [81755, 94]  [77383]  [91603]
[93825]  [76535, 84]  [59153, 78]  [80995, 98]  [81709]
[73677, 90]  [73262]  [98542]  [49387, 107]  [83119]
[45379, 108]  [63431]  [21605, 110]  [65405, 117]  [93609]

Runtime for linear with division modulo-127 and bucket size 1: 0.0760555ms
=========================
Hash table size: 120
Bucket Size: 1
Number of collisions: 80
Number of Primary collisions: 31
Number of Secondary collisions: 49
Number of comparisons: 164
Number of keys not inserted: 0
Load factor: 0.70

Resulting hash table:
[65405]  [14606]  [     ]  [48129]  [42795]
[50549]  [20827]  [     ]  [     ]  [55254]
[93609]  [63257]  [52333]  [10678]  [25160]
[21605]  [96915]  [73677]  [74059]  [49547]
[     ]  [35327]  [75841]  [     ]  [22122]
[     ]  [79655]  [     ]  [     ]  [68736]
[     ]  [     ]  [     ]  [99220]  [     ]
[     ]  [20483]  [91603]  [94399]  [54646]
[77383]  [45379]  [91352]  [94527]  [     ]
[43860]  [52751]  [21763]  [81709]  [28493]
[     ]  [     ]  [     ]  [78793]  [     ]
[57332]  [67492]  [     ]  [38285]  [97849]
[63431]  [83119]  [71309]  [61531]  [85281]
[30288]  [     ]  [61535]  [25722]  [72966]
[83000]  [     ]  [     ]  [     ]  [     ]
[     ]  [     ]  [45543]  [85930]  [94440]
[77295]  [76535]  [48595]  [67393]  [52407]
[96090]  [67142]  [82637]  [93175]  [     ]
[     ]  [     ]  [     ]  [76293]  [44543]
[81755]  [80995]  [66389]  [59153]  [60170]
[93825]  [72865]  [62583]  [11016]  [     ]
[11662]  [83926]  [     ]  [44431]  [26652]
[73262]  [49387]  [20555]  [50786]  [94475]
[     ]  [     ]  [98542]  [     ]  [     ]

Runtime for quadratic with division modulo-127 and bucket size 1: 0.0870228ms
=========================
Hash table size: 120
Bucket Size: 1
Number of collisions: 68
Number of Primary collisions: 30
Number of Secondary collisions: 38
Number of comparisons: 152
Number of keys not inserted: 0
Load factor: 0.70

Resulting hash table:
[65405]  [14606]  [     ]  [48129]  [42795]
[     ]  [20827]  [96090]  [     ]  [55254]
[93609]  [63257]  [50549]  [52333]  [25160]
[21605]  [     ]  [73677]  [74059]  [10678]
[     ]  [35327]  [75841]  [96915]  [22122]
[     ]  [79655]  [     ]  [     ]  [68736]
[     ]  [     ]  [     ]  [99220]  [     ]
[     ]  [20483]  [91603]  [94399]  [91352]
[77383]  [45379]  [49547]  [94527]  [     ]
[43860]  [52751]  [21763]  [81709]  [28493]
[     ]  [     ]  [54646]  [78793]  [     ]
[57332]  [67492]  [     ]  [38285]  [97849]
[     ]  [83119]  [71309]  [61531]  [85281]
[     ]  [30288]  [61535]  [25722]  [72966]
[83000]  [     ]  [     ]  [     ]  [63431]
[     ]  [     ]  [45543]  [85930]  [94440]
[77295]  [76535]  [48595]  [67393]  [52407]
[93175]  [67142]  [82637]  [     ]  [     ]
[     ]  [     ]  [     ]  [76293]  [44543]
[81755]  [80995]  [     ]  [59153]  [60170]
[93825]  [     ]  [     ]  [72865]  [66389]
[11662]  [83926]  [     ]  [44431]  [26652]
[73262]  [49387]  [20555]  [50786]  [94475]
[62583]  [     ]  [98542]  [     ]  [11016]

Runtime for chaining with division modulo-127 and bucket size 1: 0.0891685ms
=========================
Hash table size: 120
Bucket Size: 1
Number of collisions: 34
Number of Primary collisions: 30
Number of Secondary collisions: 4
Number of comparisons: 88
Number of keys not inserted: 0
Load factor: 1.02

Resulting hash table:
[65405]  [14606]  [     ]  [48129, 118]  [     ]
[     ]  [20827]  [     ]  [     ]  [55254, 115]
[93609, 89]  [63257]  [     ]  [     ]  [25160, 72]
[21605]  [     ]  [73677, 76]  [74059]  [     ]
[     ]  [35327]  [75841]  [     ]  [22122]
[     ]  [79655]  [     ]  [     ]  [68736]
[     ]  [     ]  [     ]  [99220]  [     ]
[     ]  [20483, 101]  [     ]  [94399]  [91352, 73]
[77383, 116]  [     ]  [     ]  [     ]  [     ]
[43860, 102]  [52751, 119]  [     ]  [81709]  [     ]
[     ]  [     ]  [     ]  [78793]  [     ]
[57332, 85]  [     ]  [     ]  [38285, 117]  [97849]
[     ]  [83119]  [71309, 82]  [61531]  [85281]
[     ]  [     ]  [61535]  [25722, 104]  [83000]
[     ]  [45543]  [96915]  [94527]  [50549]
[93175]  [49547]  [96090, 71]  [85930, 77]  [94440, 84]
[11016]  [76535, 92]  [30288]  [67393, 91]  [77295, 75]
[67492]  [67142]  [82637]  [62583]  [10678]
[20555]  [52407]  [48595]  [76293, 110]  [81755, 97]
[66389]  [80995]  [72865, 80]  [59153]  [60170, 112]
[54646]  [91603, 100]  [28493]  [73262]  [72966]
[11662]  [83926]  [98542]  [44431, 90]  [26652]
[44543, 103]  [49387]  [93825, 88]  [50786]  [94475]
[52333]  [45379]  [63431, 107]  [42795, 74]  [21763]

Runtime for linear with division modulo-113 and bucket size 1: 0.0731945ms
=========================
Hash table size: 120
Bucket Size: 1
Number of collisions: 65
Number of Primary collisions: 30
Number of Secondary collisions: 35
Number of comparisons: 149
Number of keys not inserted: 0
Load factor: 0.70

Resulting hash table:
[     ]  [73677]  [     ]  [77295]  [30288]
[48595]  [71309]  [94475]  [49387]  [98542]
[81709]  [99220]  [45543]  [     ]  [52333]
[     ]  [43860]  [28493]  [76293]  [75841]
[67142]  [44543]  [44431]  [21605]  [11662]
[     ]  [     ]  [     ]  [     ]  [14606]
[20483]  [67492]  [68736]  [78793]  [82637]
[20827]  [93825]  [76535]  [63431]  [73262]
[96090]  [57332]  [50549]  [     ]  [74059]
[93609]  [94399]  [67393]  [91352]  [50786]
[85930]  [     ]  [     ]  [49547]  [60170]
[59153]  [81755]  [10678]  [83000]  [61531]
[66389]  [11016]  [94527]  [61535]  [83119]
[93175]  [45379]  [21763]  [54646]  [     ]
[     ]  [25722]  [35327]  [91603]  [25160]
[96915]  [     ]  [     ]  [     ]  [85281]
[83926]  [42795]  [72966]  [     ]  [     ]
[94440]  [     ]  [80995]  [52407]  [22122]
[63257]  [38285]  [65405]  [52751]  [77383]
[72865]  [62583]  [26652]  [     ]  [     ]
[     ]  [     ]  [20555]  [79655]  [48129]
[97849]  [     ]  [     ]  [     ]  [     ]
[55254]  [     ]  [     ]  [     ]  [     ]
[     ]  [     ]  [     ]  [     ]  [     ]

Runtime for quadratic with division modulo-113 and bucket size 1: 0.1049042ms
=========================
Hash table size: 120
Bucket Size: 1
Number of collisions: 74
Number of Primary collisions: 33
Number of Secondary collisions: 41
Number of comparisons: 158
Number of keys not inserted: 0
Load factor: 0.70

Resulting hash table:
[     ]  [73677]  [     ]  [77295]  [30288]
[48595]  [71309]  [94475]  [45543]  [     ]
[81709]  [     ]  [     ]  [     ]  [52333]
[49387]  [43860]  [28493]  [76293]  [75841]
[67142]  [44543]  [44431]  [21605]  [11662]
[     ]  [     ]  [     ]  [     ]  [14606]
[20483]  [98542]  [68736]  [78793]  [82637]
[20827]  [93825]  [     ]  [63431]  [73262]
[67492]  [57332]  [99220]  [76535]  [74059]
[93609]  [67393]  [50549]  [94399]  [50786]
[85930]  [     ]  [91352]  [49547]  [60170]
[59153]  [81755]  [10678]  [83000]  [61531]
[94527]  [     ]  [66389]  [61535]  [83119]
[96090]  [45379]  [21763]  [54646]  [     ]
[     ]  [25722]  [35327]  [91603]  [25160]
[96915]  [     ]  [     ]  [     ]  [85281]
[83926]  [42795]  [72966]  [     ]  [     ]
[94440]  [     ]  [80995]  [52407]  [     ]
[63257]  [38285]  [65405]  [52751]  [72865]
[77383]  [22122]  [26652]  [62583]  [93175]
[     ]  [     ]  [20555]  [79655]  [48129]
[97849]  [     ]  [     ]  [     ]  [     ]
[55254]  [     ]  [     ]  [     ]  [     ]
[     ]  [     ]  [     ]  [     ]  [11016]

Runtime for chaining with division modulo-113 and bucket size 1: 0.1122952ms
=========================
Hash table size: 120
Bucket Size: 1
Number of collisions: 34
Number of Primary collisions: 29
Number of Secondary collisions: 5
Number of comparisons: 89
Number of keys not inserted: 0
Load factor: 1.02

Resulting hash table:
[     ]  [73677]  [     ]  [77295]  [30288, 78]
[48595]  [71309, 114]  [94475]  [     ]  [     ]
[81709]  [     ]  [     ]  [     ]  [52333]
[     ]  [43860]  [28493]  [76293, 107]  [     ]
[67142]  [44543]  [44431, 117]  [11662]  [     ]
[     ]  [     ]  [     ]  [     ]  [14606]
[20483]  [67492]  [68736, 95]  [     ]  [82637, 103]
[20827, 113]  [     ]  [     ]  [63431, 108]  [     ]
[96090]  [57332]  [     ]  [     ]  [74059, 115]
[93609, 106]  [     ]  [     ]  [91352]  [50786]
[85930]  [     ]  [     ]  [49547]  [60170, 105]
[11016]  [81755, 96]  [     ]  [83000, 100]  [61531, 83]
[     ]  [     ]  [     ]  [61535, 86]  [83119]
[     ]  [45379]  [21763, 101]  [     ]  [     ]
[     ]  [25722, 111]  [     ]  [91603]  [25160, 82]
[     ]  [     ]  [     ]  [45543]  [85281]
[83926]  [42795, 109]  [96915]  [94527]  [50549]
[94440]  [93175]  [80995, 92]  [52407]  [79655]
[63257]  [38285, 119]  [22122]  [52751, 99]  [62583]
[78793]  [10678]  [26652]  [20555]  [72865]
[66389]  [54646]  [99220, 98]  [76535, 89]  [48129, 116]
[59153]  [67393]  [75841]  [73262, 84]  [72966]
[55254]  [35327]  [98542, 102]  [93825]  [49387, 112]
[94399]  [97849]  [21605]  [77383]  [65405, 118]

Runtime for linear with division modulo-41 and bucket size 3: 0.0798702ms
=========================
Hash table size: 40
Bucket Size: 3
Number of collisions: 26
Number of Primary collisions: 16
Number of Secondary collisions: 10
Number of comparisons: 110
Number of keys not inserted: 0
Load factor: 2.10

Resulting hash table:
[83926]   [20827]   [73677]
[85281]   [81755]   [99220]
[26652]   [     ]   [     ]
[     ]   [     ]   [     ]
[63431]   [91352]   [     ]
[     ]   [     ]   [     ]
[93609]   [67492]   [     ]
[     ]   [     ]   [     ]
[72865]   [     ]   [     ]
[91603]   [52407]   [     ]
[14606]   [65405]   [71309]
[94475]   [66389]   [48595]
[83119]   [77295]   [     ]
[74059]   [     ]   [     ]
[57332]   [20555]   [     ]
[25722]   [     ]   [     ]
[77383]   [83000]   [     ]
[94399]   [52333]   [93825]
[11662]   [44543]   [94440]
[98542]   [10678]   [62583]
[68736]   [80995]   [49547]
[     ]   [     ]   [     ]
[82637]   [94527]   [     ]
[60170]   [97849]   [49387]
[20483]   [22122]   [93175]
[67142]   [52751]   [     ]
[35327]   [     ]   [     ]
[55254]   [72966]   [25160]
[44431]   [50786]   [11016]
[76535]   [96090]   [     ]
[67393]   [30288]   [     ]
[61531]   [43860]   [59153]
[38285]   [42795]   [75841]
[76293]   [21763]   [45379]
[54646]   [78793]   [79655]
[63257]   [61535]   [85930]
[48129]   [73262]   [96915]
[81709]   [50549]   [45543]
[     ]   [     ]   [     ]
[21605]   [28493]   [     ]

Runtime for quadratic with division modulo-41 and bucket size 3: 0.0758171ms
=========================
Hash table size: 40
Bucket Size: 3
Number of collisions: 24
Number of Primary collisions: 15
Number of Secondary collisions: 9
Number of comparisons: 108
Number of keys not inserted: 0
Load factor: 2.10

Resulting hash table:
[83926]   [20827]   [73677]
[85281]   [81755]   [99220]
[26652]   [     ]   [     ]
[96090]   [     ]   [     ]
[63431]   [91352]   [     ]
[     ]   [     ]   [     ]
[93609]   [67492]   [     ]
[     ]   [     ]   [     ]
[72865]   [96915]   [     ]
[91603]   [52407]   [     ]
[14606]   [65405]   [71309]
[94475]   [66389]   [48595]
[83119]   [     ]   [     ]
[74059]   [     ]   [     ]
[57332]   [20555]   [77295]
[25722]   [     ]   [     ]
[77383]   [83000]   [     ]
[94399]   [52333]   [93825]
[11662]   [44543]   [94440]
[98542]   [10678]   [49547]
[68736]   [80995]   [     ]
[62583]   [     ]   [     ]
[82637]   [94527]   [     ]
[60170]   [97849]   [49387]
[20483]   [22122]   [93175]
[67142]   [52751]   [     ]
[35327]   [     ]   [     ]
[55254]   [72966]   [25160]
[44431]   [50786]   [11016]
[76535]   [     ]   [     ]
[67393]   [30288]   [     ]
[61531]   [43860]   [59153]
[38285]   [42795]   [75841]
[76293]   [21763]   [45379]
[54646]   [79655]   [45543]
[63257]   [61535]   [85930]
[48129]   [73262]   [78793]
[81709]   [50549]   [     ]
[     ]   [     ]   [     ]
[21605]   [28493]   [     ]

Runtime for linear with division modulo-None and bucket size 1: 0.1659393ms
=========================
Hash table size: 120
Bucket Size: 1
Number of collisions: 65
Number of Primary collisions: 28
Number of Secondary collisions: 37
Number of comparisons: 149
Number of keys not inserted: 0
Load factor: 0.70

Resulting hash table:
[81709]  [83000]  [11662]  [30288]  [55254]
[85930]  [76535]  [     ]  [85281]  [77383]
[93825]  [63431]  [28493]  [71309]  [45379]
[74059]  [99220]  [75841]  [52407]  [66389]
[10678]  [76293]  [38285]  [52333]  [25722]
[25160]  [22122]  [     ]  [21763]  [20555]
[     ]  [62583]  [     ]  [82637]  [     ]
[     ]  [35327]  [68736]  [72966]  [77295]
[48129]  [81755]  [96915]  [20827]  [93609]
[94475]  [98542]  [45543]  [67142]  [83119]
[67492]  [94399]  [42795]  [96090]  [     ]
[     ]  [21605]  [     ]  [     ]  [     ]
[73677]  [     ]  [     ]  [61531]  [     ]
[54646]  [97849]  [91352]  [52751]  [60170]
[80995]  [72865]  [49547]  [94440]  [20483]
[49387]  [61535]  [59153]  [44543]  [79655]
[73262]  [50549]  [     ]  [     ]  [     ]
[     ]  [     ]  [     ]  [63257]  [26652]
[     ]  [     ]  [     ]  [83926]  [65405]
[14606]  [67393]  [50786]  [78793]  [43860]
[93175]  [     ]  [     ]  [     ]  [     ]
[     ]  [     ]  [     ]  [     ]  [91603]
[     ]  [     ]  [11016]  [44431]  [48595]
[94527]  [     ]  [     ]  [57332]  [     ]

Runtime for quadratic with division modulo-None and bucket size 1: 0.1521111ms
=========================
Hash table size: 120
Bucket Size: 1
Number of collisions: 65
Number of Primary collisions: 31
Number of Secondary collisions: 34
Number of comparisons: 149
Number of keys not inserted: 0
Load factor: 0.70

Resulting hash table:
[81709]  [83000]  [11662]  [30288]  [55254]
[85930]  [76535]  [     ]  [85281]  [77383]
[93825]  [63431]  [28493]  [71309]  [45379]
[74059]  [     ]  [75841]  [     ]  [66389]
[10678]  [76293]  [38285]  [52333]  [99220]
[25722]  [25160]  [     ]  [21763]  [52407]
[     ]  [62583]  [20555]  [82637]  [     ]
[     ]  [35327]  [68736]  [72966]  [     ]
[48129]  [81755]  [     ]  [20827]  [93609]
[94475]  [98542]  [22122]  [67142]  [83119]
[67492]  [94399]  [42795]  [77295]  [     ]
[     ]  [21605]  [96090]  [     ]  [     ]
[73677]  [     ]  [96915]  [61531]  [     ]
[54646]  [97849]  [91352]  [52751]  [60170]
[80995]  [     ]  [72865]  [94440]  [20483]
[49387]  [61535]  [59153]  [44543]  [79655]
[73262]  [49547]  [50549]  [     ]  [     ]
[     ]  [     ]  [     ]  [63257]  [26652]
[     ]  [     ]  [     ]  [83926]  [65405]
[14606]  [67393]  [50786]  [     ]  [43860]
[78793]  [93175]  [     ]  [     ]  [     ]
[     ]  [     ]  [     ]  [45543]  [91603]
[     ]  [     ]  [11016]  [44431]  [48595]
[     ]  [     ]  [94527]  [57332]  [     ]

Runtime for chaining with division modulo-None and bucket size 1: 0.1518726ms
=========================
Hash table size: 120
Bucket Size: 1
Number of collisions: 42
Number of Primary collisions: 31
Number of Secondary collisions: 11
Number of comparisons: 95
Number of keys not inserted: 0
Load factor: 1.09

Resulting hash table:
[81709, 103]  [     ]  [11662, 86]  [     ]  [55254, 114]
[     ]  [76535]  [     ]  [85281, 117]  [     ]
[93825]  [63431, 107]  [     ]  [71309, 115]  [     ]
[74059]  [     ]  [75841]  [     ]  [66389, 92]
[     ]  [76293, 119]  [52333, 90]  [     ]  [     ]
[25160]  [     ]  [     ]  [21763, 98]  [     ]
[     ]  [62583]  [     ]  [82637]  [     ]
[     ]  [35327]  [68736, 109]  [     ]  [     ]
[48129, 105]  [     ]  [     ]  [20827]  [93609, 71]
[94475, 110]  [     ]  [     ]  [67142, 112]  [     ]
[67492]  [94399]  [42795]  [     ]  [     ]
[     ]  [21605]  [     ]  [     ]  [     ]
[73677]  [     ]  [     ]  [61531]  [     ]
[54646, 83]  [97849]  [91352]  [52751, 116]  [     ]
[80995]  [45543]  [96915]  [94440, 108]  [94527]
[49387]  [61535]  [59153]  [44543]  [79655]
[73262]  [50549]  [93175]  [49547]  [96090]
[11016, 84]  [30288]  [77295, 72]  [63257]  [26652]
[22122]  [78793]  [10678]  [83926]  [65405]
[14606]  [67393, 91]  [50786]  [20555]  [43860]
[52407, 82]  [48595]  [72865]  [83000]  [99220]
[81755]  [91603, 87]  [28493]  [20483]  [72966, 106]
[98542]  [25722]  [83119, 85]  [44431, 74]  [85930, 101]
[45379, 100]  [60170, 102]  [77383, 104]  [57332]  [38285, 111]

