Runtime for linear with division modulo-120 and bucket size 1: 0.6439686ms
=========================
Hash table size: 120
Bucket Size: 1
Number of collisions: 1608
Number of Primary collisions: 59
Number of Secondary collisions: 1549
Number of comparisons: 1728
Number of keys not inserted: 7
Load factor: 1.00

Resulting hash table:
[75871]  [69787]  [88597]  [48003]  [16647]
[61902]  [29406]  [33332]  [54728]  [41649]
[55690]  [11651]  [22692]  [49812]  [50172]
[56535]  [70936]  [24257]  [58818]  [27256]
[26776]  [80301]  [13582]  [90763]  [89418]
[83305]  [86666]  [66987]  [47428]  [38788]
[17310]  [38311]  [38552]  [59551]  [55591]
[55115]  [15630]  [93397]  [50198]  [35550]
[64720]  [86801]  [78762]  [43483]  [47803]
[97361]  [87286]  [16726]  [33764]  [54889]
[35561]  [38571]  [69771]  [91847]  [95214]
[68935]  [27896]  [44090]  [44818]  [81179]
[84657]  [21418]  [93182]  [35223]  [16144]
[97501]  [40130]  [14555]  [59228]  [47709]
[33910]  [21311]  [35712]  [56113]  [56474]
[33915]  [97876]  [80228]  [47232]  [25628]
[96680]  [12921]  [73754]  [66443]  [83843]
[67405]  [76043]  [13757]  [89128]  [87688]
[81766]  [88291]  [72572]  [40173]  [29973]
[94055]  [40413]  [90337]  [86858]  [69924]
[91540]  [22780]  [23742]  [88180]  [22544]
[96220]  [94786]  [38866]  [88548]  [34785]
[67186]  [99459]  [23632]  [68753]  [51232]
[78835]  [54836]  [16288]  [44878]  [97635]

Runtime for quadratic with division modulo-120 and bucket size 1: 0.6051064ms
=========================
Hash table size: 120
Bucket Size: 1
Number of collisions: 1131
Number of Primary collisions: 59
Number of Secondary collisions: 1072
Number of comparisons: 1251
Number of keys not inserted: 7
Load factor: 1.00

Resulting hash table:
[69924]  [47232]  [90337]  [48003]  [16288]
[96220]  [29406]  [75871]  [54728]  [41649]
[55690]  [11651]  [22692]  [49812]  [67258]
[56535]  [70936]  [24257]  [58818]  [89418]
[27256]  [80301]  [13582]  [90763]  [25628]
[83305]  [86666]  [66987]  [47428]  [38788]
[17310]  [38311]  [38552]  [40413]  [15630]
[55115]  [14555]  [93397]  [50198]  [35550]
[64720]  [86801]  [78762]  [43483]  [47803]
[97361]  [87286]  [16726]  [33764]  [54889]
[35561]  [38571]  [69771]  [13757]  [95214]
[68935]  [27896]  [84657]  [44818]  [81179]
[41184]  [97501]  [93182]  [35223]  [16144]
[26776]  [44090]  [59551]  [59228]  [47709]
[33910]  [21311]  [35712]  [56113]  [56474]
[33915]  [97876]  [80228]  [73754]  [97635]
[55591]  [12921]  [81766]  [66443]  [83843]
[67405]  [40130]  [76043]  [89128]  [87688]
[98009]  [88291]  [72572]  [40173]  [21418]
[94055]  [91847]  [29973]  [86858]  [99459]
[91540]  [22780]  [23742]  [69787]  [22544]
[96680]  [94786]  [38866]  [88548]  [88180]
[67186]  [16647]  [23632]  [68753]  [34785]
[78835]  [51232]  [54836]  [44878]  [12679]

Runtime for chaining with division modulo-120 and bucket size 1: 0.2720356ms
=========================
Hash table size: 120
Bucket Size: 1
Number of collisions: 87
Number of Primary collisions: 60
Number of Secondary collisions: 27
Number of comparisons: 154
Number of keys not inserted: 7
Load factor: 1.81

Resulting hash table:
[89418]  [90763]  [33332]  [48003]  [86666]
[61902]  [29406]  [16647]  [54728]  [41649]
[55690]  [11651]  [22692, 77]  [88597]  [69787]
[56535]  [70936, 97]  [24257]  [58818, 0]  [75871]
[97635]  [80301]  [13582]  [16288]  [99459]
[83305]  [78835, 4]  [66987]  [47428, 101]  [69924]
[17310, 86]  [38311, 96]  [38552]  [26776]  [50172]
[55115, 39]  [81766]  [93397, 13]  [50198]  [14555]
[64720]  [86801, 116]  [78762]  [43483, 117]  [33764]
[13757, 34]  [87286, 118]  [91847]  [76043]  [54889]
[44090, 84]  [38571, 111]  [40413, 7]  [35550]  [95214]
[68935]  [27896]  [84657]  [44818, 94]  [81179]
[73754]  [97501]  [93182]  [35223]  [16144]
[67405, 33]  [67186]  [34785, 14]  [59228, 90]  [47709]
[33910]  [21311]  [35712, 82]  [56113]  [56474, 60]
[33915, 20]  [97876]  [49812, 45]  [96220, 24]  [25628]
[96680]  [12921]  [47232]  [66443, 110]  [40130, 29]
[90337, 65]  [15630, 53]  [29973, 52]  [89128, 119]  [55591, 19]
[80228, 79]  [88291]  [72572, 2]  [40173, 87]  [21418]
[94055]  [59551, 89]  [27256, 85]  [86858]  [88180, 78]
[91540, 103]  [38788]  [23742, 5]  [22780, 99]  [22544]
[54836, 67]  [94786, 107]  [38866, 66]  [88548]  [35561, 105]
[83843, 48]  [69771]  [23632, 115]  [68753]  [44878, 36]
[51232, 26]  [97361, 109]  [47803, 1]  [16726, 114]  [87688, 23]

Runtime for linear with division modulo-127 and bucket size 1: 0.4949570ms
=========================
Hash table size: 120
Bucket Size: 1
Number of collisions: 1403
Number of Primary collisions: 75
Number of Secondary collisions: 1328
Number of comparisons: 1523
Number of keys not inserted: 7
Load factor: 1.00

Resulting hash table:
[41649]  [83305]  [35561]  [24257]  [48003]
[55115]  [33915]  [38866]  [33910]  [13582]
[23632]  [23742]  [29973]  [15630]  [40130]
[16144]  [67186]  [58818]  [35550]  [50172]
[56535]  [44090]  [66443]  [78762]  [83843]
[54889]  [35712]  [88291]  [81179]  [88548]
[91847]  [49812]  [40413]  [50198]  [96680]
[99459]  [16288]  [87286]  [80301]  [17310]
[90337]  [40173]  [88180]  [13757]  [35223]
[94786]  [68753]  [59228]  [44878]  [43483]
[69771]  [47803]  [51232]  [93397]  [22780]
[72572]  [38788]  [47428]  [87688]  [66987]
[86801]  [75871]  [16647]  [61902]  [55690]
[22544]  [69787]  [86666]  [33332]  [29406]
[70936]  [38552]  [90763]  [89418]  [69924]
[94055]  [84657]  [64720]  [27256]  [97361]
[14555]  [96220]  [21418]  [27896]  [47709]
[38311]  [97876]  [56474]  [22692]  [16726]
[38571]  [95214]  [93182]  [80228]  [12921]
[97501]  [55591]  [67405]  [73754]  [54836]
[91540]  [89128]  [68935]  [21311]  [25628]
[76043]  [56113]  [81766]  [26776]  [33764]
[11651]  [78835]  [97635]  [88597]  [44818]
[59551]  [47232]  [86858]  [54728]  [34785]

Runtime for quadratic with division modulo-127 and bucket size 1: 0.6189346ms
=========================
Hash table size: 120
Bucket Size: 1
Number of collisions: 1196
Number of Primary collisions: 73
Number of Secondary collisions: 1123
Number of comparisons: 1315
Number of keys not inserted: 8
Load factor: 0.99

Resulting hash table:
[41649]  [83305]  [35561]  [34785]  [48003]
[55115]  [33915]  [67186]  [38866]  [24257]
[23632]  [50172]  [     ]  [15630]  [40130]
[16144]  [13582]  [58818]  [99459]  [16647]
[56535]  [44090]  [66443]  [78762]  [83843]
[54889]  [35712]  [88291]  [49812]  [88548]
[81179]  [40413]  [16288]  [50198]  [96680]
[91847]  [23742]  [87286]  [80301]  [17310]
[90337]  [40173]  [88180]  [39261]  [35223]
[94786]  [68753]  [59228]  [44878]  [43483]
[33910]  [47803]  [51232]  [93397]  [38788]
[72572]  [22780]  [69771]  [87688]  [66987]
[86801]  [47428]  [14555]  [88597]  [55690]
[22544]  [13757]  [33332]  [75871]  [29406]
[70936]  [38552]  [98009]  [35550]  [69924]
[94055]  [84657]  [64720]  [27256]  [97361]
[69787]  [96220]  [21418]  [27896]  [47709]
[38311]  [97876]  [56474]  [86666]  [16726]
[38571]  [95214]  [93182]  [97501]  [12921]
[80228]  [55591]  [29973]  [73754]  [54836]
[91540]  [89128]  [68935]  [21311]  [67405]
[25628]  [56113]  [26776]  [97635]  [33764]
[11651]  [22692]  [41184]  [76043]  [44818]
[59551]  [47232]  [86858]  [54728]  [78835]

Runtime for chaining with division modulo-127 and bucket size 1: 0.2539158ms
=========================
Hash table size: 120
Bucket Size: 1
Number of collisions: 102
Number of Primary collisions: 65
Number of Secondary collisions: 37
Number of comparisons: 164
Number of keys not inserted: 7
Load factor: 1.92

Resulting hash table:
[41649, 116]  [35561, 96]  [89418]  [67186]  [48003, 105]
[40130]  [33915]  [50172]  [90763]  [15630]
[23632, 14]  [33332]  [86666]  [61902]  [16647, 2]
[16144]  [88597]  [58818]  [99459]  [69787]
[56535]  [44090]  [66443, 112]  [83843]  [75871, 12]
[54889, 119]  [88291, 108]  [40413]  [49812]  [88548]
[97635]  [16288, 11]  [78835, 31]  [50198, 66]  [69924]
[11651]  [26776]  [87286, 115]  [17310]  [81766]
[90337]  [40173, 45]  [88180]  [14555]  [35223, 113]
[13757]  [68753, 111]  [44878, 82]  [69771]  [43483]
[76043, 30]  [47803, 110]  [93397, 24]  [38788, 13]  [35550]
[72572]  [73754, 35]  [47428]  [87688, 95]  [67405, 32]
[86801]  [34785]  [96220]  [25628]  [55690, 19]
[22544]  [96680]  [47232, 62]  [22692]  [29406]
[70936]  [38552]  [29973]  [55591, 34]  [97501, 73]
[94055, 85]  [80228, 74]  [64720, 43]  [27256, 16]  [97361]
[21418]  [59551, 67]  [22780, 80]  [27896]  [47709, 99]
[84657, 8]  [97876, 107]  [23742]  [54728, 63]  [16726]
[38571]  [95214, 92]  [93182, 76]  [13582, 87]  [12921, 56]
[66987, 59]  [33910, 72]  [54836, 50]  [91847]  [38311, 97]
[91540]  [89128, 118]  [21311]  [38866, 39]  [24257, 93]
[55115, 103]  [56113, 36]  [56474, 68]  [81179, 98]  [33764]
[51232]  [59228]  [78762]  [94786]  [44818, 61]
[80301, 81]  [83305, 104]  [86858, 54]  [68935, 88]  [35712]

Runtime for linear with division modulo-113 and bucket size 1: 0.5269051ms
=========================
Hash table size: 120
Bucket Size: 1
Number of collisions: 1526
Number of Primary collisions: 77
Number of Secondary collisions: 1449
Number of comparisons: 1646
Number of keys not inserted: 7
Load factor: 1.00

Resulting hash table:
[87688]  [78762]  [16726]  [59551]  [35712]
[68935]  [47803]  [38311]  [50172]  [97635]
[91540]  [33910]  [23742]  [11651]  [88597]
[23632]  [33915]  [86801]  [97876]  [38552]
[59228]  [44878]  [17310]  [47709]  [83305]
[13582]  [72572]  [50198]  [44090]  [84657]
[38788]  [54836]  [29406]  [27256]  [29973]
[56535]  [54728]  [15630]  [88291]  [38571]
[12921]  [94055]  [88180]  [51232]  [40130]
[81179]  [99459]  [16288]  [75871]  [68753]
[87286]  [69771]  [90337]  [16647]  [33332]
[90763]  [89418]  [22544]  [58818]  [93397]
[40173]  [21418]  [96220]  [67405]  [67186]
[41649]  [56113]  [21311]  [97361]  [88548]
[44818]  [80301]  [95214]  [93182]  [86858]
[24257]  [22780]  [96680]  [73754]  [35561]
[35223]  [47428]  [35550]  [40413]  [89128]
[54889]  [70936]  [56474]  [55115]  [64720]
[33764]  [43483]  [48003]  [94786]  [91847]
[55690]  [66987]  [97501]  [27896]  [16144]
[22692]  [25628]  [49812]  [34785]  [13757]
[14555]  [81766]  [38866]  [55591]  [76043]
[83843]  [80228]  [66443]  [47232]  [26776]
[69924]  [78835]  [69787]  [61902]  [86666]

Runtime for quadratic with division modulo-113 and bucket size 1: 0.7340908ms
=========================
Hash table size: 120
Bucket Size: 1
Number of collisions: 1486
Number of Primary collisions: 78
Number of Secondary collisions: 1408
Number of comparisons: 1603
Number of keys not inserted: 10
Load factor: 0.97

Resulting hash table:
[87688]  [78762]  [16726]  [78835]  [35712]
[68935]  [25628]  [14555]  [47803]  [59551]
[91540]  [33910]  [23742]  [38311]  [88597]
[23632]  [33915]  [86801]  [97876]  [38552]
[59228]  [44878]  [17310]  [47709]  [83305]
[50172]  [72572]  [50198]  [29973]  [44090]
[38788]  [54836]  [27256]  [75871]  [69924]
[29406]  [54728]  [15630]  [88291]  [38571]
[12921]  [88180]  [98009]  [51232]  [56535]
[81179]  [     ]  [13582]  [94055]  [68753]
[87286]  [69771]  [26776]  [41184]  [90337]
[99459]  [84657]  [22544]  [58818]  [93397]
[13757]  [21418]  [40173]  [97635]  [40130]
[41649]  [56113]  [21311]  [97361]  [88548]
[44818]  [80301]  [95214]  [96220]  [86858]
[24257]  [22780]  [35550]  [73754]  [35561]
[35223]  [47428]  [67405]  [81766]  [89128]
[54889]  [70936]  [56474]  [55115]  [67186]
[33764]  [43483]  [48003]  [94786]  [55690]
[91847]  [97501]  [40413]  [27896]  [16144]
[66987]  [22692]  [69787]  [34785]  [67258]
[90763]  [93182]  [38866]  [55591]  [64720]
[83843]  [80228]  [66443]  [     ]  [96680]
[47232]  [76043]  [49812]  [     ]  [33332]

Runtime for chaining with division modulo-113 and bucket size 1: 0.2620220ms
=========================
Hash table size: 120
Bucket Size: 1
Number of collisions: 115
Number of Primary collisions: 70
Number of Secondary collisions: 45
Number of comparisons: 172
Number of keys not inserted: 7
Load factor: 2.01

Resulting hash table:
[87688, 86]  [78762]  [16726]  [97635]  [35712, 114]
[68935, 14]  [89418]  [90763]  [33332]  [86666]
[91540, 102]  [61902]  [23742, 37]  [16647]  [88597]
[23632, 117]  [59228, 30]  [86801, 113]  [97876]  [38552, 32]
[44090, 96]  [17310]  [13582]  [47709, 88]  [83305, 7]
[69787]  [72572, 104]  [75871]  [29973]  [38788]
[16288]  [54836]  [99459]  [78835]  [69924]
[56535, 6]  [54728, 77]  [11651]  [88291, 118]  [12921, 106]
[88180]  [26776, 9]  [50172]  [51232]  [81766]
[81179]  [14555, 11]  [13757]  [76043, 27]  [68753]
[87286, 111]  [40413]  [35550]  [73754, 41]  [67405]
[67186]  [34785]  [22544, 62]  [58818, 93]  [93397]
[49812]  [21418]  [96220, 54]  [25628, 34]  [96680, 55]
[41649, 115]  [47232, 25]  [21311, 95]  [97361, 103]  [88548]
[44818, 99]  [80301]  [40130, 51]  [22692, 60]  [86858, 33]
[24257]  [90337, 66]  [15630, 13]  [55591, 53]  [35561]
[35223]  [47428]  [97501, 44]  [80228, 76]  [89128, 119]
[70936]  [59551, 42]  [56474]  [27256]  [29406]
[33764, 63]  [43483, 116]  [94786, 73]  [40173]  [55690, 56]
[22780, 82]  [84657]  [64720, 47]  [27896, 100]  [93182]
[16144]  [66987, 46]  [33910]  [95214, 52]  [50198, 89]
[91847, 101]  [94055]  [38866, 48]  [38311, 78]  [55115, 97]
[83843, 8]  [69771, 83]  [66443]  [44878]  [47803, 108]
[56113, 64]  [48003, 105]  [33915, 72]  [38571]  [54889, 109]

Runtime for linear with division modulo-41 and bucket size 3: 0.2720356ms
=========================
Hash table size: 40
Bucket Size: 3
Number of collisions: 610
Number of Primary collisions: 41
Number of Secondary collisions: 569
Number of comparisons: 730
Number of keys not inserted: 7
Load factor: 3.00

Resulting hash table:
[93397]   [81179]   [47232]
[35712]   [78762]   [94055]
[72572]   [38788]   [29973]
[33910]   [23742]   [97501]
[86801]   [35223]   [96680]
[44818]   [25628]   [96220]
[70936]   [12921]   [49812]
[91847]   [67405]   [73754]
[33915]   [17310]   [35550]
[97876]   [29406]   [15630]
[14555]   [26776]   [11651]
[55115]   [13582]   [78835]
[38552]   [55690]   [95214]
[81766]   [99459]   [16288]
[68935]   [35561]   [50198]
[44090]   [90337]   [97635]
[23632]   [27896]   [21418]
[56474]   [38311]   [34785]
[88291]   [69787]   [88597]
[54836]   [59551]   [22692]
[86858]   [69924]   [16647]
[33764]   [75871]   [61902]
[64720]   [13757]   [86666]
[43483]   [66443]   [80301]
[58818]   [59228]   [51232]
[56113]   [44878]   [22780]
[47709]   [24257]   [33332]
[97361]   [90763]   [89418]
[91540]   [67186]   [40413]
[88548]   [76043]   [50172]
[87688]   [69771]   [93182]
[54889]   [38571]   [16144]
[21311]   [47428]   [88180]
[48003]   [84657]   [27256]
[41649]   [83305]   [66987]
[89128]   [94786]   [22544]
[54728]   [40173]   [80228]
[68753]   [56535]   [55591]
[87286]   [47803]   [40130]
[16726]   [83843]   [38866]

Runtime for quadratic with division modulo-41 and bucket size 3: 0.2729893ms
=========================
Hash table size: 40
Bucket Size: 3
Number of collisions: 394
Number of Primary collisions: 41
Number of Secondary collisions: 353
Number of comparisons: 514
Number of keys not inserted: 7
Load factor: 3.00

Resulting hash table:
[93397]   [81179]   [47232]
[35712]   [78762]   [94055]
[72572]   [38788]   [29973]
[33910]   [23742]   [40173]
[86801]   [35223]   [97501]
[44818]   [67405]   [50172]
[70936]   [12921]   [88180]
[91847]   [25628]   [49812]
[33915]   [17310]   [11651]
[97876]   [29406]   [15630]
[96220]   [99459]   [16647]
[55115]   [13582]   [96680]
[38552]   [55690]   [95214]
[81766]   [88597]   [86666]
[68935]   [35561]   [50198]
[44090]   [90337]   [16288]
[23632]   [27896]   [21418]
[56474]   [38311]   [34785]
[88291]   [97635]   [61902]
[54836]   [59551]   [22692]
[86858]   [14555]   [69924]
[33764]   [75871]   [69787]
[64720]   [13757]   [89418]
[43483]   [66443]   [80301]
[58818]   [59228]   [51232]
[56113]   [44878]   [22780]
[47709]   [24257]   [90763]
[97361]   [26776]   [67258]
[91540]   [67186]   [35550]
[88548]   [40413]   [76043]
[87688]   [69771]   [93182]
[54889]   [38571]   [16144]
[21311]   [47428]   [27256]
[48003]   [84657]   [80228]
[41649]   [83305]   [66987]
[89128]   [94786]   [22544]
[55591]   [40130]   [73754]
[68753]   [56535]   [78835]
[87286]   [47803]   [54728]
[16726]   [83843]   [38866]

Runtime for linear with division modulo-None and bucket size 1: 0.7090569ms
=========================
Hash table size: 120
Bucket Size: 1
Number of collisions: 1421
Number of Primary collisions: 66
Number of Secondary collisions: 1355
Number of comparisons: 1541
Number of keys not inserted: 7
Load factor: 1.00

Resulting hash table:
[55591]  [49812]  [38571]  [83305]  [67186]
[87286]  [47803]  [33764]  [14555]  [26776]
[80301]  [21418]  [38311]  [69924]  [78835]
[68753]  [38552]  [55690]  [66987]  [13757]
[29973]  [47232]  [96680]  [97635]  [16647]
[94786]  [54836]  [11651]  [88548]  [47709]
[81179]  [91847]  [69771]  [16144]  [68935]
[44878]  [17310]  [54728]  [21311]  [41649]
[16726]  [93397]  [24257]  [38788]  [97361]
[93182]  [40173]  [34785]  [48003]  [83843]
[33910]  [43483]  [27256]  [86801]  [44818]
[47428]  [80228]  [15630]  [90337]  [35223]
[88291]  [40130]  [96220]  [55115]  [73754]
[87688]  [27896]  [76043]  [56113]  [16288]
[75871]  [88597]  [86858]  [66443]  [56474]
[25628]  [70936]  [58818]  [64720]  [67405]
[89128]  [59551]  [54889]  [23742]  [35550]
[38866]  [97501]  [84657]  [44090]  [22780]
[56535]  [91540]  [78762]  [22692]  [40413]
[72572]  [81766]  [99459]  [61902]  [86666]
[33332]  [90763]  [89418]  [94055]  [35561]
[95214]  [35712]  [33915]  [69787]  [50172]
[13582]  [97876]  [23632]  [22544]  [12921]
[59228]  [88180]  [51232]  [29406]  [50198]

Runtime for quadratic with division modulo-None and bucket size 1: 0.6051064ms
=========================
Hash table size: 120
Bucket Size: 1
Number of collisions: 1166
Number of Primary collisions: 63
Number of Secondary collisions: 1103
Number of comparisons: 1285
Number of keys not inserted: 8
Load factor: 0.99

Resulting hash table:
[22544]  [29406]  [38571]  [83305]  [49812]
[87286]  [47803]  [33764]  [55591]  [14555]
[80301]  [21418]  [38311]  [78835]  [69924]
[68753]  [38552]  [55690]  [66987]  [13757]
[29973]  [47232]  [96680]  [33332]  [88597]
[94786]  [54836]  [16647]  [88548]  [47709]
[81179]  [91847]  [69771]  [54728]  [68935]
[44878]  [17310]  [16144]  [21311]  [41649]
[16726]  [40130]  [24257]  [93397]  [97361]
[93182]  [90763]  [22692]  [48003]  [83843]
[27256]  [43483]  [33910]  [86801]  [44818]
[47428]  [15630]  [90337]  [76043]  [35223]
[88291]  [34785]  [16288]  [55115]  [38788]
[87688]  [27896]  [80228]  [56113]  [97635]
[39261]  [86666]  [86858]  [66443]  [25628]
[67405]  [70936]  [58818]  [64720]  [81766]
[89128]  [56474]  [54889]  [23742]  [96220]
[38866]  [97501]  [84657]  [44090]  [22780]
[59551]  [91540]  [78762]  [40173]  [40413]
[72572]  [99459]  [75871]  [35550]  [89418]
[     ]  [73754]  [56535]  [94055]  [35561]
[95214]  [35712]  [33915]  [98009]  [50172]
[13582]  [97876]  [23632]  [12921]  [26776]
[59228]  [88180]  [51232]  [67186]  [50198]

Runtime for chaining with division modulo-None and bucket size 1: 0.2980232ms
=========================
Hash table size: 120
Bucket Size: 1
Number of collisions: 114
Number of Primary collisions: 67
Number of Secondary collisions: 47
Number of comparisons: 174
Number of keys not inserted: 7
Load factor: 2.51

Resulting hash table:
[89418]  [90763]  [38571, 13]  [83305]  [33332]
[87286, 37]  [47803]  [33764]  [14555]  [86666]
[80301, 84]  [61902]  [38311]  [16647]  [88597]
[68753, 47]  [38552, 101]  [69787, 11]  [66987]  [75871, 0]
[29973]  [47232]  [96680, 4]  [97635]  [16288, 17]
[94786, 40]  [54836]  [99459]  [88548, 110]  [40173]
[81179]  [91847]  [69771]  [54728]  [68935, 109]
[78835, 9]  [17310, 62]  [69924]  [21311]  [41649, 116]
[11651]  [26776, 35]  [24257]  [50172]  [97361]
[93182]  [81766]  [13757]  [48003, 108]  [27256]
[76043, 1]  [43483, 83]  [73754]  [86801, 117]  [40413]
[47428]  [15630, 70]  [35550, 50]  [67405, 24]  [35223]
[88291]  [67186, 23]  [34785]  [55115]  [49812]
[87688]  [27896]  [96220, 19]  [56113, 14]  [25628, 58]
[40130]  [22692]  [86858, 119]  [90337, 41]  [55591, 69]
[56535, 71]  [70936]  [58818]  [64720, 46]  [97501]
[89128]  [59551]  [54889, 94]  [80228]  [21418]
[38866, 79]  [29406, 75]  [84657]  [44090, 93]  [88180, 86]
[38788, 54]  [91540]  [78762, 27]  [22780]  [23742, 57]
[72572]  [16144, 90]  [13582, 96]  [33910, 67]  [95214, 74]
[50198, 99]  [55690]  [94055, 89]  [12921, 102]  [35561]
[56474, 100]  [35712]  [33915]  [83843, 98]  [44878, 43]
[47709, 97]  [97876, 118]  [93397, 103]  [22544, 61]  [51232, 73]
[59228, 64]  [16726, 112]  [44818, 114]  [23632, 113]  [66443, 105]

