Runtime for linear with division modulo-120 and bucket size 1: 0.2460480ms
=========================
Hash table size: 120
Bucket Size: 1
Number of collisions: 364
Number of Primary collisions: 50
Number of Secondary collisions: 314
Number of comparisons: 472
Number of keys not inserted: 0
Load factor: 0.90

Resulting hash table:
[75720]  [48601]  [58802]  [28443]  [30843]
[61321]  [70683]  [86647]  [21248]  [10809]
[31329]  [14171]  [35650]  [49093]  [60853]
[66374]  [67335]  [62537]  [81858]  [82931]
[95386]  [25581]  [29781]  [55942]  [97276]
[98840]  [99713]  [     ]  [72868]  [     ]
[53190]  [12151]  [53672]  [95431]  [64714]
[97711]  [     ]  [74077]  [86678]  [     ]
[63160]  [10481]  [20561]  [43962]  [73004]
[74321]  [84282]  [37847]  [93885]  [19849]
[43729]  [36291]  [18772]  [94720]  [     ]
[26095]  [48295]  [     ]  [     ]  [17699]
[     ]  [     ]  [     ]  [95823]  [     ]
[     ]  [21786]  [36906]  [95467]  [64749]
[71710]  [46991]  [32592]  [63072]  [62354]
[62475]  [73515]  [21077]  [60677]  [74592]
[85637]  [14241]  [47601]  [65121]  [21564]
[26124]  [47364]  [89349]  [10408]  [31769]
[23850]  [47488]  [66451]  [91749]  [73894]
[96094]  [96573]  [59617]  [68738]  [32739]
[28060]  [49419]  [49900]  [10663]  [28184]
[13905]  [62739]  [41627]  [23628]  [43429]
[74510]  [36231]  [22552]  [33352]  [43913]
[83270]  [92860]  [90117]  [20998]  [21958]

Runtime for quadratic with division modulo-120 and bucket size 1: 0.2410412ms
=========================
Hash table size: 120
Bucket Size: 1
Number of collisions: 288
Number of Primary collisions: 52
Number of Secondary collisions: 236
Number of comparisons: 395
Number of keys not inserted: 1
Load factor: 0.89

Resulting hash table:
[75720]  [48601]  [58802]  [28443]  [30843]
[61321]  [83270]  [70683]  [21248]  [10809]
[31329]  [14171]  [82931]  [49093]  [35650]
[62739]  [67335]  [60853]  [62537]  [81858]
[97276]  [25581]  [29781]  [55942]  [     ]
[89349]  [     ]  [     ]  [72868]  [99713]
[53190]  [12151]  [53672]  [74592]  [64714]
[95386]  [     ]  [74077]  [86678]  [66374]
[63160]  [10481]  [20561]  [43962]  [73004]
[74321]  [84282]  [37847]  [     ]  [19849]
[43729]  [36291]  [18772]  [     ]  [91749]
[26095]  [48295]  [     ]  [     ]  [17699]
[     ]  [93885]  [     ]  [95823]  [     ]
[94720]  [21786]  [36906]  [95467]  [64749]
[71710]  [46991]  [32592]  [63072]  [62354]
[62475]  [73515]  [21077]  [60677]  [     ]
[95431]  [14241]  [47601]  [86647]  [21564]
[26124]  [85637]  [     ]  [10408]  [31769]
[23850]  [66451]  [47488]  [47364]  [73894]
[96094]  [98840]  [59617]  [68738]  [32739]
[28060]  [49900]  [96573]  [10663]  [28184]
[13905]  [65121]  [41627]  [23628]  [43429]
[74510]  [36231]  [22552]  [33352]  [43913]
[49419]  [92860]  [90117]  [20998]  [21958]

Runtime for chaining with division modulo-120 and bucket size 1: 0.1950264ms
=========================
Hash table size: 120
Bucket Size: 1
Number of collisions: 72
Number of Primary collisions: 52
Number of Secondary collisions: 20
Number of comparisons: 128
Number of keys not inserted: 0
Load factor: 1.73

Resulting hash table:
[75720]  [48601, 86]  [58802]  [28443, 114]  [     ]
[     ]  [     ]  [86647]  [21248]  [10809, 113]
[35650]  [14171, 64]  [     ]  [49093, 87]  [66374]
[67335]  [     ]  [62537]  [81858]  [     ]
[     ]  [25581, 115]  [55942]  [     ]  [     ]
[     ]  [     ]  [     ]  [72868]  [99713]
[53190]  [12151, 50]  [53672]  [98840]  [64714]
[97711]  [97276]  [74077]  [86678]  [96573]
[63160, 54]  [10481, 119]  [43962, 62]  [96094]  [73004]
[93885]  [95823]  [37847]  [95467, 46]  [19849, 102]
[95431, 35]  [36291]  [18772]  [95386]  [94720]
[26095, 95]  [92860, 39]  [91749]  [90117]  [17699]
[89349, 57]  [85637, 33]  [84282]  [83270, 48]  [82931]
[74592]  [21786, 109]  [74510, 63]  [74321]  [64749, 60]
[71710]  [46991]  [32592, 83]  [73894, 43]  [62354]
[62475, 76]  [73515, 36]  [21077, 91]  [70683]  [68738]
[66451, 61]  [14241, 96]  [65121]  [63072, 65]  [21564, 116]
[62739, 73]  [61321]  [60853]  [10408, 97]  [31769]
[23850]  [60677, 80]  [59617]  [49900, 56]  [49419, 85]
[48295]  [47601, 82]  [47488, 92]  [47364, 79]  [32739, 94]
[28060, 93]  [43913, 29]  [43729]  [10663]  [28184]
[13905]  [43429, 53]  [41627]  [23628]  [36906, 106]
[36231, 67]  [33352, 110]  [22552, 111]  [31329, 101]  [30843, 78]
[29781]  [26124, 98]  [21958, 58]  [20998, 117]  [20561, 68]

Runtime for linear with division modulo-127 and bucket size 1: 0.1416206ms
=========================
Hash table size: 120
Bucket Size: 1
Number of collisions: 231
Number of Primary collisions: 51
Number of Secondary collisions: 180
Number of comparisons: 339
Number of keys not inserted: 0
Load factor: 0.90

Resulting hash table:
[28060]  [10408]  [10663]  [21077]  [28443]
[37847]  [23628]  [43429]  [46991]  [47364]
[58802]  [62354]  [62739]  [82931]  [10809]
[94720]  [49419]  [14241]  [95386]  [31769]
[43962]  [60853]  [97276]  [92860]  [99713]
[67335]  [74321]  [     ]  [75720]  [     ]
[66451]  [68738]  [93885]  [86647]  [98840]
[48295]  [36231]  [19849]  [74077]  [21248]
[85637]  [43729]  [63160]  [20998]  [74592]
[     ]  [17699]  [     ]  [97711]  [     ]
[     ]  [     ]  [     ]  [62537]  [25581]
[59617]  [91749]  [95431]  [96573]  [     ]
[26095]  [     ]  [13905]  [29781]  [55942]
[86678]  [95823]  [10481]  [89349]  [21786]
[81858]  [49093]  [64714]  [22552]  [14171]
[70683]  [36906]  [90117]  [33352]  [53672]
[32592]  [63072]  [66374]  [71710]  [84282]
[83270]  [12151]  [31329]  [48601]  [26124]
[35650]  [74510]  [95467]  [96094]  [     ]
[     ]  [36291]  [65121]  [41627]  [43913]
[32739]  [21564]  [23850]  [18772]  [47601]
[53190]  [60677]  [61321]  [64749]  [30843]
[72868]  [73004]  [73515]  [73894]  [20561]
[21958]  [49900]  [28184]  [47488]  [62475]

Runtime for quadratic with division modulo-127 and bucket size 1: 0.1521111ms
=========================
Hash table size: 120
Bucket Size: 1
Number of collisions: 172
Number of Primary collisions: 51
Number of Secondary collisions: 121
Number of comparisons: 280
Number of keys not inserted: 0
Load factor: 0.90

Resulting hash table:
[28060]  [10408]  [10663]  [21077]  [47364]
[37847]  [23628]  [     ]  [62354]  [82931]
[46991]  [28443]  [     ]  [95386]  [10809]
[     ]  [49419]  [14241]  [43429]  [31769]
[43962]  [60853]  [96094]  [92860]  [     ]
[67335]  [58802]  [74321]  [75720]  [     ]
[66451]  [68738]  [93885]  [86647]  [94720]
[48295]  [36231]  [19849]  [73515]  [21248]
[74077]  [43729]  [63160]  [20998]  [74592]
[     ]  [17699]  [     ]  [85637]  [97711]
[62739]  [     ]  [     ]  [62537]  [25581]
[59617]  [91749]  [96573]  [95431]  [98840]
[26095]  [84282]  [13905]  [29781]  [86678]
[95823]  [55942]  [10481]  [89349]  [21786]
[81858]  [49093]  [64714]  [22552]  [14171]
[70683]  [36906]  [97276]  [33352]  [53672]
[32592]  [63072]  [71710]  [90117]  [66374]
[83270]  [12151]  [31329]  [48601]  [26124]
[35650]  [95467]  [74510]  [     ]  [99713]
[     ]  [36291]  [65121]  [41627]  [43913]
[32739]  [21564]  [23850]  [18772]  [47601]
[53190]  [64749]  [60677]  [61321]  [30843]
[73004]  [73894]  [     ]  [72868]  [20561]
[21958]  [49900]  [28184]  [47488]  [62475]

Runtime for chaining with division modulo-127 and bucket size 1: 0.1831055ms
=========================
Hash table size: 120
Bucket Size: 1
Number of collisions: 91
Number of Primary collisions: 57
Number of Secondary collisions: 34
Number of comparisons: 142
Number of keys not inserted: 0
Load factor: 2.16

Resulting hash table:
[28060, 108]  [10408, 113]  [10663, 119]  [     ]  [62354]
[     ]  [23628]  [     ]  [     ]  [95386]
[     ]  [     ]  [     ]  [     ]  [10809]
[     ]  [49419]  [14241]  [99713]  [31769]
[43962, 92]  [     ]  [     ]  [92860]  [     ]
[67335]  [74321]  [98840]  [75720]  [97711]
[66451]  [68738]  [93885]  [86647]  [97276, 27]
[48295]  [36231, 64]  [19849]  [96573]  [21248, 52]
[96094]  [43729, 83]  [95823]  [20998, 59]  [95467]
[95431]  [17699]  [94720]  [91749, 29]  [90117]
[89349, 48]  [86678]  [85637]  [62537, 38]  [25581, 94]
[84282, 50]  [83270, 34]  [82931]  [81858]  [74592]
[26095]  [74510]  [13905, 97]  [29781]  [74077, 51]
[73894, 42]  [73515]  [10481]  [73004, 55]  [21786]
[72868, 58]  [49093, 82]  [71710, 40]  [22552]  [14171, 49]
[70683, 72]  [36906]  [66374]  [33352, 99]  [65121, 70]
[32592, 84]  [64749, 68]  [64714, 75]  [63160]  [63072, 77]
[62739, 56]  [12151]  [31329, 105]  [62475, 61]  [26124]
[35650, 44]  [61321, 65]  [60853]  [60677]  [59617, 45]
[58802, 85]  [36291]  [55942, 79]  [41627, 111]  [53672]
[32739]  [21564, 117]  [53190, 91]  [18772, 106]  [49900, 102]
[48601, 47]  [47601, 81]  [47488, 104]  [47364, 57]  [30843, 66]
[46991, 95]  [43913, 93]  [43429]  [37847, 110]  [20561, 118]
[28443, 112]  [28184, 107]  [23850, 116]  [21958, 88]  [21077, 115]

Runtime for linear with division modulo-113 and bucket size 1: 0.1258850ms
=========================
Hash table size: 120
Bucket Size: 1
Number of collisions: 214
Number of Primary collisions: 47
Number of Secondary collisions: 167
Number of comparisons: 322
Number of keys not inserted: 0
Load factor: 0.90

Resulting hash table:
[64749]  [     ]  [     ]  [14241]  [21248]
[43962]  [13905]  [23850]  [55942]  [66451]
[73004]  [23628]  [10408]  [48601]  [18772]
[74592]  [31769]  [33352]  [36291]  [47364]
[63072]  [26124]  [75720]  [86678]  [62739]
[95386]  [94720]  [     ]  [31329]  [47488]
[47601]  [     ]  [     ]  [65121]  [68738]
[     ]  [21958]  [28060]  [43429]  [49419]
[     ]  [10663]  [58802]  [25581]  [41627]
[48295]  [14171]  [28184]  [32592]  [62537]
[66374]  [49093]  [74510]  [81858]  [96094]
[35650]  [90117]  [99713]  [70683]  [21077]
[12151]  [60853]  [29781]  [74077]  [95431]
[22552]  [59617]  [49900]  [36906]  [43913]
[71710]  [17699]  [36231]  [73515]  [10809]
[19849]  [61321]  [96573]  [64714]  [89349]
[28443]  [53190]  [32739]  [74321]  [97711]
[10481]  [98840]  [92860]  [     ]  [86647]
[21786]  [62354]  [     ]  [20998]  [21564]
[93885]  [46991]  [72868]  [84282]  [62475]
[67335]  [85637]  [82931]  [83270]  [95467]
[26095]  [37847]  [30843]  [20561]  [60677]
[53672]  [43729]  [63160]  [73894]  [91749]
[95823]  [97276]  [     ]  [     ]  [     ]

Runtime for quadratic with division modulo-113 and bucket size 1: 0.2930164ms
=========================
Hash table size: 120
Bucket Size: 1
Number of collisions: 373
Number of Primary collisions: 51
Number of Secondary collisions: 322
Number of comparisons: 479
Number of keys not inserted: 2
Load factor: 0.88

Resulting hash table:
[64749]  [97276]  [91749]  [14241]  [21248]
[43962]  [13905]  [23850]  [55942]  [     ]
[73004]  [23628]  [10408]  [74592]  [18772]
[48601]  [31769]  [33352]  [36291]  [63072]
[95431]  [26124]  [98840]  [66451]  [62739]
[     ]  [47364]  [94720]  [31329]  [47488]
[95386]  [     ]  [47601]  [65121]  [68738]
[75720]  [21958]  [28060]  [43429]  [49419]
[97711]  [10663]  [58802]  [25581]  [41627]
[48295]  [14171]  [28184]  [32592]  [62537]
[81858]  [49093]  [66374]  [96094]  [     ]
[35650]  [86678]  [90117]  [70683]  [21077]
[12151]  [     ]  [29781]  [60853]  [     ]
[22552]  [59617]  [49900]  [36906]  [43913]
[     ]  [17699]  [36231]  [     ]  [10809]
[19849]  [61321]  [71710]  [64714]  [74510]
[28443]  [53190]  [32739]  [89349]  [74321]
[10481]  [     ]  [74077]  [92860]  [86647]
[21786]  [62354]  [     ]  [20998]  [21564]
[93885]  [46991]  [72868]  [84282]  [62475]
[67335]  [73515]  [82931]  [83270]  [95467]
[26095]  [37847]  [30843]  [20561]  [60677]
[53672]  [43729]  [85637]  [95823]  [73894]
[63160]  [     ]  [     ]  [     ]  [     ]

Runtime for chaining with division modulo-113 and bucket size 1: 0.1537800ms
=========================
Hash table size: 120
Bucket Size: 1
Number of collisions: 76
Number of Primary collisions: 50
Number of Secondary collisions: 26
Number of comparisons: 134
Number of keys not inserted: 0
Load factor: 1.74

Resulting hash table:
[64749]  [     ]  [     ]  [14241]  [21248]
[43962]  [13905, 87]  [23850, 104]  [     ]  [     ]
[75720]  [23628, 110]  [10408, 77]  [     ]  [18772, 50]
[     ]  [31769]  [33352, 114]  [36291, 100]  [     ]
[     ]  [26124]  [     ]  [     ]  [62739]
[     ]  [94720]  [     ]  [31329, 113]  [99713]
[98840]  [97711]  [97276]  [65121]  [68738]
[96573]  [21958, 118]  [43429]  [49419]  [96094]
[95823]  [10663]  [58802]  [25581, 115]  [48295, 39]
[95467]  [14171, 76]  [28184, 29]  [32592, 101]  [95431]
[95386]  [49093]  [93885, 45]  [92860]  [91749]
[35650]  [90117]  [89349, 31]  [70683]  [21077, 102]
[12151]  [86678, 52]  [29781, 83]  [86647]  [85637, 32]
[22552, 86]  [59617]  [49900]  [36906, 89]  [43913]
[84282, 57]  [17699, 117]  [83270, 49]  [82931, 72]  [10809, 119]
[61321]  [81858]  [74592]  [64714, 30]  [74510, 70]
[28443, 109]  [74321]  [32739]  [74077]  [73894]
[10481]  [73515]  [73004, 53]  [72868, 64]  [71710, 63]
[21786]  [62354]  [67335]  [20998]  [21564]
[66451, 61]  [46991, 88]  [66374, 79]  [63160, 54]  [62475]
[63072, 92]  [62537]  [60853, 73]  [60677, 81]  [55942, 95]
[26095, 116]  [53672, 98]  [30843]  [20561]  [53190, 103]
[48601, 106]  [43729]  [47601, 40]  [47488, 112]  [47364]
[41627, 97]  [37847, 84]  [36231, 35]  [28060]  [19849]

Runtime for linear with division modulo-41 and bucket size 3: 0.0979900ms
=========================
Hash table size: 40
Bucket Size: 3
Number of collisions: 83
Number of Primary collisions: 23
Number of Secondary collisions: 60
Number of comparisons: 191
Number of keys not inserted: 0
Load factor: 2.70

Resulting hash table:
[47601]   [70683]   [83270]
[71710]   [90117]   [99713]
[22552]   [43913]   [73515]
[10663]   [21077]   [49900]
[37847]   [53672]   [59617]
[19849]   [31329]   [46991]
[13905]   [20998]   [36291]
[26124]   [36906]   [86678]
[58802]   [95823]   [97711]
[47364]   [60853]   [62739]
[21248]   [43429]   [43962]
[30843]   [47488]   [64749]
[23628]   [41627]   [62537]
[53190]   [65121]   [67335]
[14241]   [49419]   [63072]
[12151]   [21786]   [29781]
[28060]   [48601]   [49093]
[28184]   [64714]   [72868]
[55942]   [73894]   [74510]
[26095]   [33352]   [74592]
[20561]   [63160]   [86647]
[32739]   [35650]   [89349]
[68738]   [81858]   [94720]
[21958]   [43729]   [95386]
[73004]   [95431]   [95467]
[96573]   [97276]   [     ]
[10481]   [10809]   [14171]
[61321]   [84282]   [     ]
[17699]   [36231]   [     ]
[23850]   [74321]   [82931]
[28443]   [85637]   [98840]
[66451]   [74077]   [96094]
[62475]   [91749]   [     ]
[     ]   [     ]   [     ]
[62354]   [75720]   [     ]
[10408]   [18772]   [31769]
[66374]   [92860]   [93885]
[     ]   [     ]   [     ]
[25581]   [32592]   [48295]
[21564]   [60677]   [     ]

Runtime for quadratic with division modulo-41 and bucket size 3: 0.1018047ms
=========================
Hash table size: 40
Bucket Size: 3
Number of collisions: 42
Number of Primary collisions: 22
Number of Secondary collisions: 20
Number of comparisons: 150
Number of keys not inserted: 0
Load factor: 2.70

Resulting hash table:
[47601]   [70683]   [83270]
[71710]   [90117]   [99713]
[22552]   [43913]   [73515]
[10663]   [21077]   [49900]
[37847]   [53672]   [59617]
[19849]   [31329]   [46991]
[13905]   [20998]   [36291]
[26124]   [36906]   [95823]
[58802]   [86678]   [97711]
[47364]   [60853]   [62739]
[21248]   [43429]   [43962]
[30843]   [47488]   [64749]
[23628]   [41627]   [62537]
[53190]   [65121]   [67335]
[14241]   [49419]   [63072]
[12151]   [21786]   [29781]
[28060]   [48601]   [49093]
[28184]   [64714]   [74510]
[55942]   [86647]   [96573]
[26095]   [33352]   [89349]
[20561]   [63160]   [72868]
[32739]   [35650]   [73894]
[68738]   [74592]   [81858]
[21958]   [43729]   [95467]
[73004]   [95386]   [95431]
[97276]   [     ]   [     ]
[10481]   [10809]   [14171]
[61321]   [84282]   [     ]
[17699]   [36231]   [     ]
[23850]   [74321]   [82931]
[28443]   [85637]   [98840]
[66451]   [74077]   [96094]
[62475]   [91749]   [     ]
[     ]   [     ]   [     ]
[62354]   [75720]   [94720]
[10408]   [18772]   [31769]
[66374]   [92860]   [93885]
[     ]   [     ]   [     ]
[25581]   [32592]   [48295]
[21564]   [60677]   [     ]

Runtime for linear with division modulo-None and bucket size 1: 0.2181530ms
=========================
Hash table size: 120
Bucket Size: 1
Number of collisions: 190
Number of Primary collisions: 46
Number of Secondary collisions: 144
Number of comparisons: 298
Number of keys not inserted: 0
Load factor: 0.90

Resulting hash table:
[49419]  [98840]  [32739]  [28060]  [28443]
[49093]  [21564]  [62475]  [67335]  [74592]
[49900]  [10481]  [74321]  [81858]  [17699]
[47601]  [66451]  [89349]  [95386]  [92860]
[74510]  [62354]  [19849]  [97276]  [65121]
[61321]  [31329]  [18772]  [25581]  [21786]
[31769]  [55942]  [66374]  [21958]  [20561]
[37847]  [36291]  [46991]  [62537]  [72868]
[75720]  [74077]  [23628]  [91749]  [93885]
[94720]  [12151]  [48295]  [95823]  [     ]
[30843]  [     ]  [36906]  [83270]  [     ]
[     ]  [53190]  [43962]  [48601]  [96094]
[     ]  [64714]  [62739]  [     ]  [     ]
[63160]  [59617]  [29781]  [     ]  [     ]
[82931]  [     ]  [68738]  [64749]  [90117]
[58802]  [20998]  [63072]  [43429]  [86678]
[95431]  [97711]  [35650]  [53672]  [71710]
[36231]  [10408]  [14241]  [41627]  [60853]
[70683]  [73894]  [99713]  [     ]  [     ]
[73515]  [84282]  [14171]  [28184]  [10663]
[60677]  [85637]  [23850]  [26124]  [73004]
[43729]  [86647]  [96573]  [47364]  [13905]
[26095]  [43913]  [22552]  [47488]  [10809]
[33352]  [95467]  [21248]  [32592]  [21077]

Runtime for quadratic with division modulo-None and bucket size 1: 0.3430843ms
=========================
Hash table size: 120
Bucket Size: 1
Number of collisions: 272
Number of Primary collisions: 47
Number of Secondary collisions: 225
Number of comparisons: 379
Number of keys not inserted: 1
Load factor: 0.89

Resulting hash table:
[85637]  [49419]  [32739]  [28060]  [28443]
[62475]  [21564]  [74592]  [95386]  [98840]
[49900]  [10481]  [74321]  [81858]  [17699]
[47488]  [47601]  [     ]  [49093]  [66451]
[74510]  [62354]  [19849]  [92860]  [65121]
[61321]  [31329]  [18772]  [25581]  [21786]
[31769]  [55942]  [     ]  [21958]  [20561]
[37847]  [36291]  [62537]  [46991]  [75720]
[91749]  [72868]  [23628]  [66374]  [     ]
[74077]  [12151]  [48295]  [95823]  [93885]
[30843]  [67335]  [36906]  [83270]  [94720]
[     ]  [53190]  [43962]  [48601]  [     ]
[96094]  [64714]  [62739]  [89349]  [     ]
[63160]  [59617]  [29781]  [     ]  [95467]
[82931]  [     ]  [68738]  [64749]  [90117]
[58802]  [20998]  [63072]  [43429]  [86678]
[97711]  [     ]  [35650]  [53672]  [71710]
[36231]  [10408]  [14241]  [41627]  [     ]
[70683]  [60853]  [73894]  [     ]  [     ]
[73515]  [84282]  [14171]  [28184]  [10663]
[95431]  [97276]  [23850]  [26124]  [73004]
[43729]  [86647]  [60677]  [47364]  [13905]
[26095]  [43913]  [22552]  [96573]  [10809]
[33352]  [     ]  [21248]  [32592]  [21077]

Runtime for chaining with division modulo-None and bucket size 1: 0.2429485ms
=========================
Hash table size: 120
Bucket Size: 1
Number of collisions: 70
Number of Primary collisions: 48
Number of Secondary collisions: 22
Number of comparisons: 130
Number of keys not inserted: 0
Load factor: 1.73

Resulting hash table:
[     ]  [     ]  [32739, 98]  [28060, 58]  [28443]
[62475]  [21564, 70]  [     ]  [95386]  [     ]
[49900]  [10481, 71]  [81858]  [     ]  [17699]
[47601, 90]  [     ]  [     ]  [     ]  [92860]
[74510, 43]  [62354]  [19849]  [     ]  [65121]
[61321, 81]  [31329]  [18772, 116]  [     ]  [21786, 111]
[     ]  [     ]  [99713]  [21958, 54]  [20561, 106]
[37847]  [36291, 92]  [98840]  [75720, 53]  [91749]
[97711]  [74077]  [23628]  [97276]  [96573]
[96094]  [12151]  [48295, 48]  [95823]  [95467, 44]
[30843]  [95431]  [36906, 68]  [94720]  [93885]
[90117]  [53190, 45]  [43962, 100]  [89349]  [86678, 51]
[86647]  [64714]  [62739]  [85637, 40]  [84282, 63]
[63160]  [59617]  [29781]  [83270]  [82931]
[74592, 69]  [74321]  [68738]  [64749, 55]  [73894]
[58802, 59]  [20998]  [63072]  [43429]  [73515, 64]
[73004, 49]  [72868]  [35650, 32]  [53672, 74]  [71710]
[36231]  [10408, 119]  [41627, 93]  [70683]  [67335]
[66451]  [66374, 79]  [62537]  [60853]  [60677, 89]
[55942, 91]  [49419]  [14171, 113]  [49093, 94]  [10663]
[48601]  [47488, 88]  [23850, 60]  [26124]  [47364, 80]
[43729, 37]  [46991]  [43913]  [33352, 104]  [13905, 115]
[32592, 101]  [31769, 107]  [22552]  [28184]  [10809]
[26095, 108]  [25581, 95]  [21248, 96]  [21077, 110]  [14241, 118]

